0.001323
0.001267
0.00125
0.001278
0.001266
0.001271
0.001257
0.00127
0.001254
0.00127
0.001289
0.001277
0.00128
0.001283
0.001274
0.001273
0.001272
0.001279
0.001271
0.001278
0.001271
0.001257
0.001271
0.001272
0.001265
0.001264
0.001256
0.001264
0.001253
0.001263
0.001256
0.001274
0.001256
0.001254
0.001381
0.001256
0.001256
0.00127
0.001269
0.001265
0.00127
0.001298
0.001277
0.001271
0.001272
0.001258
0.001271
0.00126
0.001252
0.001258
0.001272
0.001268
0.001274
0.00126
0.001268
0.001265
0.001254
0.001268
0.001338
0.001254
0.001272
0.001259
0.001276
0.001259
0.001268
0.001276
0.001261
0.001269
0.001254
0.001266
0.001257
0.001271
0.001259
0.001274
0.001272
0.001271
0.001786
0.001284
0.001288
0.001275
0.001255
0.001271
0.001263
0.001265
0.001273
0.001272
0.001273
0.001266
0.001262
0.001264
0.001269
0.00127
0.001275
0.00127
0.001271
0.001253
0.001275
0.001274
0.001271
0.00127
